[gd_scene load_steps=10 format=2]

[ext_resource path="res://scenes/ScreenControls/SwipeDetector.tscn" type="PackedScene" id=1]
[ext_resource path="res://scenes/Player/Player.tscn" type="PackedScene" id=2]
[ext_resource path="res://scripts/Home.cs" type="Script" id=3]
[ext_resource path="res://scenes/PortalArea.tscn" type="PackedScene" id=4]

[sub_resource type="CubeMesh" id=1]

[sub_resource type="SpatialMaterial" id=2]
flags_transparent = true
albedo_color = Color( 0.572939, 1, 0.739709, 0.501961 )

[sub_resource type="BoxShape" id=3]
extents = Vector3( 9.93451, 1, 10.1546 )

[sub_resource type="ProceduralSky" id=4]
sky_top_color = Color( 0.211765, 0.313726, 0.552941, 1 )
sky_horizon_color = Color( 0.545098, 0.686275, 0.811765, 1 )
sky_curve = 0.13
ground_bottom_color = Color( 0.545098, 0.686275, 0.811765, 1 )
ground_horizon_color = Color( 0.545098, 0.686275, 0.811765, 1 )
sun_latitude = 75.0
sun_angle_max = 30.0
sun_energy = 30.0

[sub_resource type="Environment" id=5]
background_mode = 2
background_sky = SubResource( 4 )
ambient_light_color = Color( 0.5, 0.5, 0.5, 1 )
ambient_light_sky_contribution = 0.3

[node name="Home" type="Spatial"]
script = ExtResource( 3 )

[node name="CanvasLayer" type="CanvasLayer" parent="."]

[node name="Ground" type="StaticBody" parent="."]

[node name="MeshInstance" type="MeshInstance" parent="Ground"]
transform = Transform( 50, 0, 0, 0, 0, 0, 0, 0, 50, 0, 0, 0 )
mesh = SubResource( 1 )
material/0 = SubResource( 2 )

[node name="CollisionShape" type="CollisionShape" parent="Ground"]
shape = SubResource( 3 )

[node name="Camera" type="Camera" parent="."]
transform = Transform( -0.707107, 0, -0.707107, 0, 1, 0, 0.707107, 0, -0.707107, -12, 6, -12 )

[node name="Player" parent="." instance=ExtResource( 2 )]
transform = Transform( 1, 0, 0, 0, 1, 0, 0, 0, 1, 0, 1, 0 )

[node name="SwipeDetector" parent="." instance=ExtResource( 1 )]

[node name="PortalArea" parent="." instance=ExtResource( 4 )]
transform = Transform( 0.707107, -0.707107, 3.09086e-08, 0, -4.37114e-08, -1, 0.707107, 0.707107, -3.09086e-08, 0, 15.5, 0 )

[node name="WorldEnvironment" type="WorldEnvironment" parent="."]
environment = SubResource( 5 )

[node name="DirectionalLight" type="DirectionalLight" parent="WorldEnvironment"]
transform = Transform( -1, 6.18172e-08, 6.18172e-08, 0, -0.707107, 0.707107, 8.74228e-08, 0.707107, 0.707107, 0, 200, 0 )
light_energy = 0.95

[connection signal="PlayerInput" from="." to="Player" method="on_PlayerInput"]
[connection signal="body_entered" from="PortalArea" to="." method="on_HomePortal"]
